100 100 2118
values
215.005
0.0278498
0.835783
0.862971
0.112858
0.689244
0.188016
0.748406
0.700759
0.324135
0.14458
0.0612988
0.759429
0.113565
0.565033
0.570992
0.627397
0.584993
0.177121
0.261328
0.804305
0.834429
0.292671
0.880881
0.931565
0.559855
0.314044
957.864
0.582401
0.796848
0.37352
0.911872
0.442765
0.274042
0.415493
0.0691742
0.253207
0.0477997
0.983732
0.897562
0.336461
0.603586
0.487719
0.274798
0.630559
0.0965887
0.728183
0.16032
0.097857
0.48098
0.86708
662.148
0.147746
0.576967
0.197474
0.309729
0.427506
0.605344
0.0261583
0.150545
0.247617
0.0197257
0.184651
0.535371
0.236813
0.895653
0.435231
0.811813
0.748234
0.0809497
0.932641
0.77209
325.773
0.746254
0.333087
0.0949536
0.407739
0.619348
0.162171
0.349803
0.882782
0.986697
0.653137
0.726189
0.941817
0.811909
0.105598
0.216126
0.799678
0.229702
0.823269
0.736805
0.0278498
413.282
0.34102
0.787931
0.445779
0.5123
0.669684
0.904401
0.868297
0.764256
0.444352
0.525579
0.0200527
0.145033
0.889319
0.835783
603.178
0.252279
0.830193
0.529895
0.319521
0.61086
0.470473
0.661591
0.831758
0.60267
0.716354
0.18422
0.454422
0.954397
0.0800895
0.707881
0.516444
0.210927
0.0401246
0.394485
0.459496
0.746254
0.252279
369.982
0.793843
0.560172
0.382937
0.747316
0.815355
0.236337
0.977425
0.684773
0.0161082
0.964623
0.163555
0.577172
0.946843
0.927561
0.419088
0.153135
0.799763
0.562512
0.729993
0.758303
0.142141
0.773801
0.862971
0.830193
441.739
0.377388
0.0217388
0.928729
0.423931
0.702418
0.844792
0.607709
0.512211
0.0718146
0.46904
0.0542117
0.760607
0.386156
0.0645359
0.687372
680.947
0.479416
0.560399
0.771783
0.0180602
0.21897
0.817565
0.93112
0.793298
0.945785
0.0462582
0.734272
0.929506
0.184714
0.992242
0.689
0.239709
0.0564014
0.835722
0.107853
0.182935
0.327771
0.428123
0.3984
0.240312
0.793843
0.479416
949.348
0.755791
0.747924
0.877713
0.112099
0.407382
0.962301
0.598564
0.12858
0.406249
0.260063
0.065894
0.340685
0.953237
0.810125
0.824626
0.0759935
0.135183
0.807938
0.147746
0.755791
561.965
0.627317
0.278465
0.48009
0.981131
0.911639
0.0390787
0.480723
0.725478
0.00836566
0.85243
0.903301
0.616254
0.954094
0.305433
0.8404
0.031446
0.802766
0.476021
0.666613
0.333087
0.377388
0.747924
847.028
0.214638
0.648527
0.500231
0.293156
0.392382
0.520571
0.0955744
0.226886
0.432213
0.582396
0.323979
0.572683
0.560399
0.627317
989.016
0.683434
0.637392
0.113462
0.930367
0.347288
0.17604
0.911822
0.224369
0.661448
0.755966
0.587133
0.898815
0.154062
0.0631605
0.361465
0.655453
0.378642
0.00984683
0.355793
0.665715
0.278465
395.502
0.409389
0.527496
0.402776
0.109636
0.0518821
0.670541
0.512018
0.289881
0.781257
0.116181
0.716453
0.542575
0.784537
0.310398
0.133469
0.534904
0.181194
0.00531417
0.781953
0.443856
0.00652541
0.745145
0.846561
0.112858
0.576967
0.560172
0.771783
0.409389
926.473
0.621914
0.803263
0.674007
0.815488
0.163115
0.929583
0.654566
0.117045
0.840633
0.183198
0.784408
0.509223
0.77157
0.0923458
0.814301
0.795787
0.934253
0.722943
0.65329
0.764879
0.582401
0.877713
0.683434
0.527496
881.662
0.200829
0.579834
0.476059
0.295823
0.883762
0.0186466
0.170269
0.740303
0.826807
0.632472
0.807346
0.912787
0.980986
0.859333
0.382937
0.0180602
521.829
0.603581
0.282499
0.49655
0.424831
0.654771
0.520456
0.33814
0.00856921
0.278049
0.552161
0.820277
0.316005
0.0462619
0.269634
0.826454
0.850778
0.197474
0.402776
1090.57
0.451423
0.581651
0.0450889
0.390753
0.540986
0.589286
0.630851
0.793437
0.256992
0.436955
0.84134
0.926988
0.572055
0.783929
0.412097
0.926548
0.824837
0.163608
0.28151
0.0949536
0.529895
0.0217388
0.451423
436.315
0.806496
0.415774
0.634535
0.169564
0.93876
0.981905
0.0145341
0.375377
0.549268
0.796948
0.0106723
0.398822
0.691847
0.796848
0.200829
429.323
0.825378
0.00592407
0.659764
0.54949
0.777204
0.87981
0.927675
0.810437
0.829696
0.418131
0.836079
0.58646
0.797517
0.0950936
0.758889
0.92293
0.923743
0.637392
0.806496
896.769
0.805705
0.272003
0.372605
0.106885
0.843178
0.60771
0.679158
0.118354
0.731873
0.989737
0.209535
0.0231468
0.0711802
0.171398
0.355774
0.170259
0.0796539
0.928729
0.21897
0.112099
0.48009
0.621914
591.192
0.717219
0.588586
0.241585
0.253253
0.952673
0.825458
0.0940598
0.224273
0.894869
0.730416
0.320186
0.314582
0.987214
0.0409515
0.294294
0.858742
0.582357
0.148517
0.959594
0.981131
0.109636
0.579834
0.717219
497.715
0.726978
0.88247
0.298058
0.910879
0.55516
0.933329
0.506456
0.686587
0.330308
0.757463
0.545903
0.250798
0.293961
0.37352
0.407739
0.34102
0.911639
0.603581
360.797
0.680238
0.113136
0.866427
0.430055
0.961865
0.163546
0.31411
0.272241
0.185412
0.90585
0.441849
0.195708
0.519668
0.191493
0.358145
0.17802
0.757735
0.998899
0.324251
0.0266768
0.793896
0.777333
0.319521
0.747316
0.113462
0.581651
0.805705
888.799
0.723609
0.710988
0.340883
0.285361
0.843373
0.0518821
0.476059
0.282499
0.0450889
0.825378
0.726978
0.680238
907.69
0.110409
0.204239
0.111594
0.683893
0.527226
0.147453
0.148402
0.645759
0.876843
0.195055
0.390016
0.139297
0.309729
0.407382
0.214638
0.803263
0.295823
0.00592407
0.272003
0.110409
709.908
0.840604
0.569521
0.185354
0.620289
0.371106
0.77996
0.789762
0.704353
0.342023
0.824681
0.238766
0.911872
0.423931
1061.58
0.668505
0.288203
0.987082
0.567033
0.645759
0.532876
0.795913
0.292391
0.679811
0.582569
0.77768
0.642777
0.203413
0.427506
0.415774
0.372605
0.113136
486.347
0.398841
0.893001
0.996089
0.499549
0.196933
0.645399
0.615491
0.458283
0.579632
0.392588
0.133543
0.105916
0.971516
0.441116
0.943996
0.198031
0.621825
0.0717317
0.982391
0.624373
0.815355
0.702418
0.817565
0.0390787
0.670541
0.88247
0.840604
0.668505
397.657
0.693845
0.282156
0.998222
0.872574
0.561981
0.639775
0.734109
0.184926
0.0546846
0.206049
0.414481
0.573628
0.777296
0.863547
0.0335459
0.633464
0.309682
0.147552
0.566296
0.659446
0.689244
0.605344
0.236337
0.844792
0.648527
0.930367
0.883762
0.390753
0.634535
0.659764
0.588586
0.866427
0.204239
0.288203
809.72
0.935816
0.832239
0.941633
0.93427
0.866691
0.356367
0.659035
0.282886
0.652993
0.527148
0.16999
0.481188
0.98302
0.188016
0.442765
0.61086
0.298058
0.430055
0.111594
0.987082
0.935816
883.052
0.892611
0.32226
0.675992
0.198892
0.0103456
0.402394
0.482728
0.142654
0.0373529
0.886942
0.93109
0.787931
0.470473
0.977425
0.93112
0.480723
0.892611
402.415
0.263507
0.816958
0.327655
0.841931
0.978444
0.805858
0.667806
0.40231
0.45865
0.771038
0.871866
0.448367
0.974678
0.83069
0.661591
0.962301
0.347288
0.674007
0.540986
0.54949
0.683893
0.693845
268.95
0.502843
0.955243
0.504875
0.366806
0.99717
0.388632
0.254031
0.415439
0.36251
0.871265
0.555525
0.128516
0.748406
0.445779
0.725478
0.500231
0.17604
0.282156
930.861
0.50362
0.716149
0.968639
0.472826
0.855823
0.616461
0.43844
0.456939
0.372877
0.807211
0.132067
0.669257
0.48923
0.500298
0.968816
0.308847
0.678419
0.274042
0.598564
0.777204
0.106885
0.723609
0.569521
0.398841
0.998222
0.502843
1078.98
0.45897
0.599704
0.0551096
0.230343
0.0347162
0.530473
0.459483
0.557429
0.657319
0.793298
0.0186466
0.49655
0.241585
0.527226
780.205
0.357813
0.731221
0.942234
0.960904
0.0285709
0.610908
0.03162
0.0483959
0.0609122
0.828445
0.148633
0.292609
0.894598
0.619348
0.5123
0.684773
0.945785
0.961865
450.08
0.40611
0.564195
0.721287
0.101265
0.374306
0.844522
0.537772
0.328802
0.146909
0.574839
0.769642
0.470372
0.512018
0.589286
0.50362
0.40611
1097.01
0.982579
0.481803
0.87993
0.520183
0.368086
0.736996
0.104528
0.659328
0.488038
0.553678
0.895793
0.249204
0.749516
0.0562467
0.455616
0.911822
0.815488
0.253253
0.955243
0.716149
0.564195
1003.94
0.661878
0.794798
0.417053
0.962303
0.834139
0.18317
0.101953
0.960569
0.489828
0.16826
0.383791
0.499706
0.596658
0.638455
0.0786621
0.162171
0.293156
0.424831
0.910879
0.163546
0.982579
662.043
0.622317
0.904381
0.408793
0.900666
0.344075
0.0414993
0.554301
0.349585
0.805015
0.0560023
0.764037
0.511481
0.0912517
0.176083
0.523259
0.0195226
0.672855
0.700759
0.0261583
0.00836566
0.224369
0.289881
0.170269
0.55516
0.31411
0.832239
0.263507
0.661878
0.622317
942.789
0.652613
0.607959
0.020046
0.0418216
0.960728
0.845551
0.772411
0.732441
0.318255
0.150545
0.831758
0.85243
0.654771
0.630851
0.843178
0.893001
0.872574
0.941633
0.794798
934.238
0.278568
0.212727
0.695411
0.883733
0.81315
0.956246
0.144104
0.195746
0.694828
0.188385
0.500581
0.745892
0.833574
0.807966
0.314385
0.907616
0.247617
0.781257
0.952673
0.185354
0.561981
0.721287
0.481803
0.417053
0.652613
0.278568
1042.36
0.447995
0.967862
0.0135173
0.128185
0.586732
0.276119
0.447954
0.896994
0.680917
0.188368
0.671222
0.163115
0.169564
0.272241
0.357813
0.87993
0.212727
956.831
0.037052
0.0938219
0.881903
0.138265
0.453869
0.34573
0.913765
0.244064
0.340216
0.108227
0.759721
0.495691
0.0197257
0.669684
0.0161082
0.392382
0.116181
0.929583
0.520456
0.93876
0.87981
0.825458
0.968639
0.962303
0.904381
0.607959
779.311
0.663798
0.485132
0.1058
0.789379
0.359914
0.904401
0.964623
0.607709
0.716453
0.185412
0.147453
0.93427
0.32226
0.520183
0.408793
0.663798
748.373
0.752817
0.454228
0.0357662
0.79085
0.721159
0.688331
0.501447
0.638544
0.559994
0.450706
0.81189
0.968208
0.0615567
0.0524057
0.868297
0.0462582
0.903301
0.661448
0.33814
0.0940598
0.675992
0.472826
0.900666
0.695411
622.065
0.744865
0.341526
0.0504556
0.192034
0.997132
0.563256
0.328774
0.161967
0.849937
0.895644
0.70549
0.275458
0.445107
0.685603
0.415493
0.184651
0.755966
0.542575
0.00856921
0.927675
0.933329
0.620289
0.567033
0.866691
0.504875
0.731221
764.947
0.238085
0.781687
0.91493
0.0662902
0.556925
0.705659
0.984958
0.0358928
0.85766
0.324135
0.349803
0.734272
0.654566
0.810437
0.639775
0.816958
0.883733
0.744865
915.754
0.838971
0.630448
0.880248
0.262305
0.391941
0.221079
0.586646
0.040596
0.555705
0.212894
0.493849
0.105701
0.163555
0.587133
0.829696
0.371106
0.996089
0.037052
0.838971
1072.48
0.43686
0.642774
0.102224
0.443988
0.0366297
0.813616
0.776557
0.292303
0.0666823
0.675532
0.896473
0.428839
0.17013
0.14458
0.520571
0.90585
0.499549
0.356367
0.366806
0.101265
0.344075
0.0938219
620.559
0.440766
0.745864
0.196759
0.634092
0.298195
0.60835
0.924977
0.595948
0.535371
0.60267
0.577172
0.898815
0.784537
0.117045
0.224273
0.77996
0.855823
0.752817
0.43686
716.288
0.779553
0.233045
0.606202
0.390086
0.951766
0.0612988
0.764256
0.946843
0.12858
0.278049
0.441849
0.198892
0.327655
0.99717
0.0414993
0.440766
600.325
0.628423
0.337719
0.723395
0.679247
0.269052
0.733153
0.338643
0.295638
0.480019
0.882782
0.716354
0.927561
0.840633
0.894869
0.942234
0.554301
0.341526
801.907
0.558622
0.0999852
0.35747
0.693297
0.0124256
0.661693
0.232568
0.759429
0.236813
0.986697
0.18422
0.419088
0.552161
0.730416
0.645759
0.734109
0.374306
0.368086
0.881903
0.0504556
0.642774
766.928
0.436301
0.158127
0.24007
0.499549
0.483522
0.721489
0.95464
0.51244
0.415164
0.349052
0.454422
0.153135
0.406249
0.310398
0.793437
0.195708
0.532876
0.45897
0.736996
0.834139
0.238085
0.745864
0.628423
216.05
0.730684
0.914156
0.722931
0.734983
0.0365204
0.113565
0.895653
0.653137
0.260063
0.0955744
0.981905
0.196933
0.0103456
0.599704
0.844522
0.020046
0.454228
0.192034
0.781687
687.045
0.435848
0.676977
0.76898
0.356622
0.589156
0.435231
0.954397
0.183198
0.60771
0.506456
0.710988
0.789762
0.645399
0.388632
0.196759
0.337719
279.638
0.516135
0.110484
0.785669
0.399109
0.223528
0.309432
0.811813
0.726189
0.929506
0.616254
0.784408
0.686587
0.795913
0.615491
0.104528
0.349585
0.485132
0.102224
223.745
0.338527
0.72667
0.938362
0.615091
0.489704
0.625027
0.0691742
0.444352
0.0800895
0.799763
0.320186
0.292391
0.184926
0.254031
0.18317
0.447995
0.1058
912.218
0.720102
0.931026
0.341866
0.528227
0.565033
0.253207
0.184714
0.256992
0.679158
0.519668
0.458283
0.616461
0.997132
0.630448
0.435848
434.784
0.610959
0.126195
0.416695
0.0333232
0.920272
0.581865
0.640854
0.427915
0.0950402
0.570992
0.0477997
0.748234
0.065894
0.954094
0.133469
0.820277
0.436955
0.314582
0.191493
0.402394
0.43844
0.805015
0.138265
0.91493
0.880248
0.779553
0.436301
0.610959
506.59
0.734074
0.158637
0.471609
0.160603
0.892153
0.881004
0.447944
0.399599
0.165987
0.627397
0.562512
0.992242
0.340685
0.987214
0.358145
0.148402
0.579632
0.0546846
0.841931
0.659328
0.0560023
0.0418216
0.262305
0.443988
258.014
0.215804
0.250582
0.534247
0.855589
0.652485
0.584993
0.689
0.953237
0.305433
0.154062
0.17802
0.340883
0.704353
0.679811
0.392588
0.537772
0.764037
0.81315
0.391941
0.558622
361.55
0.265895
0.715267
0.385163
0.487823
0.136982
0.189853
0.850377
0.983732
0.0631605
0.316005
0.84134
0.967862
0.563256
0.0366297
0.233045
0.126195
889.044
0.695258
0.969557
0.95587
0.594953
0.192984
0.261029
0.131744
0.526759
0.941817
0.707881
0.512211
0.239709
0.118354
0.0409515
0.757735
0.645759
0.659035
0.482728
0.456939
0.960728
0.0357662
0.813616
0.634092
644.178
0.207771
0.611357
0.292925
0.170367
0.603874
0.523758
0.124697
0.835565
0.80246
0.0137332
0.926988
0.582569
0.133543
0.511481
0.0135173
0.79085
0.221079
0.298195
0.723395
0.0999852
0.158127
0.730684
0.338527
0.695258
992.602
0.261245
0.262408
0.0628926
0.512584
0.366998
0.0795197
0.177121
0.0809497
0.525579
0.0564014
0.342023
0.105916
0.206049
0.282886
0.978444
0.372877
0.488038
0.128185
0.0662902
0.776557
0.24007
0.914156
0.416695
557.518
0.162516
0.492358
0.734851
0.823659
0.581046
0.729993
0.226886
0.534904
0.509223
0.0145341
0.414481
0.101953
0.0912517
0.60835
0.679247
0.35747
0.499549
0.72667
0.734074
0.261245
0.162516
441.831
0.835935
0.275236
0.847406
0.0462619
0.572055
0.375377
0.418131
0.998899
0.805858
0.960904
0.328774
0.924977
0.516135
0.215804
512.84
0.244234
0.576159
0.62339
0.186578
0.233252
0.846287
0.648147
0.835722
0.8404
0.181194
0.956246
0.453869
0.721159
0.292303
0.606202
0.483522
0.158637
0.207771
0.835935
841.495
0.312683
0.259215
0.36464
0.975451
0.684329
0.318352
0.897562
0.811909
0.0200527
0.516444
0.269634
0.731873
0.971516
0.142654
0.807211
0.0551096
0.938362
0.0333232
0.471609
0.262408
699.505
0.320487
0.118362
0.259611
0.396728
0.942158
0.291484
0.800664
0.261328
0.336461
0.740303
0.324251
0.667806
0.415439
0.144104
0.556925
0.265895
0.312683
1013.77
0.984241
0.609029
0.736652
0.560352
0.483012
0.210927
0.0718146
0.77157
0.826807
0.783929
0.989737
0.441116
0.652993
0.132067
0.0285709
0.553678
0.586732
0.34573
0.693297
0.722931
0.676977
0.715267
0.969557
0.259215
741.952
0.253616
0.512605
0.126055
0.0624475
0.669184
0.896504
0.385051
0.810364
0.804305
0.46904
0.0923458
0.826454
0.330308
0.573628
0.230343
0.328802
0.960569
0.705659
0.95587
0.611357
0.0628926
0.984241
643.716
0.320733
0.961602
0.631034
0.0843879
0.603586
0.758303
0.814301
0.549268
0.836079
0.209535
0.294294
0.0266768
0.876843
0.40231
0.610908
0.176083
0.195746
0.913765
0.688331
0.269052
0.0124256
0.244234
0.36464
907.177
0.063609
0.290722
0.125442
0.0262977
0.686866
0.266246
0.487719
0.107853
0.00531417
0.757463
0.77768
0.943996
0.0347162
0.03162
0.146909
0.489828
0.694828
0.276119
0.244064
0.586646
0.0666823
0.733153
0.250582
0.576159
0.320487
1052.78
0.0202803
0.00158464
0.266233
0.274798
0.0542117
0.432213
0.858742
0.195055
0.824681
0.198031
0.777296
0.845551
0.501447
0.675532
0.338643
0.661693
0.721489
0.118362
0.063609
520.261
0.0303796
0.972627
0.331016
0.4596
0.775161
0.760607
0.582396
0.0231468
0.582357
0.527148
0.0373529
0.45865
0.669257
0.0483959
0.895793
0.188385
0.040596
0.390086
0.110484
0.920272
0.160603
0.292925
0.492358
424.889
0.475297
0.432802
0.733622
0.834429
0.630559
0.810125
0.781953
0.632472
0.0711802
0.793896
0.285361
0.621825
0.0609122
0.275236
0.259611
0.253616
0.290722
0.0303796
756.282
0.773647
0.767967
0.105598
0.386156
0.824626
0.58646
0.545903
0.642777
0.48923
0.828445
0.574839
0.249204
0.500581
0.638544
0.984958
0.785669
0.615091
0.512605
0.0202803
0.972627
0.773647
649.512
0.0412278
0.238427
0.538137
0.114545
0.672201
0.0965887
0.145033
0.0401246
0.0645359
0.795787
0.796948
0.530473
0.16826
0.772411
0.745892
0.447954
0.161967
0.720102
0.892153
0.385163
0.170367
0.512584
0.125442
0.331016
0.475297
0.767967
0.0412278
1090.27
0.52732
0.907873
0.416592
0.889319
0.394485
0.031446
0.443856
0.850778
0.0717317
0.148633
0.732441
0.833574
0.896994
0.95464
0.399109
0.931026
0.581865
0.881004
0.594953
0.52732
616.126
0.64232
0.888843
0.301488
0.478971
0.497241
0.216126
0.00652541
0.148517
0.863547
0.383791
0.523259
0.559994
0.849937
0.223528
0.534247
0.603874
0.366998
0.126055
0.4596
0.238427
266.898
0.556881
0.103378
0.292671
0.728183
0.799678
0.412097
0.0106723
0.171398
0.390016
0.238766
0.771038
0.459483
0.769642
0.499706
0.51244
0.523758
0.62339
0.0624475
0.320733
0.538137
0.907873
0.64232
1079.63
0.167301
0.649229
0.378207
0.326773
0.721258
0.927517
0.459496
0.687372
0.323979
0.361465
0.934253
0.398822
0.0335459
0.292609
0.896473
0.951766
0.341866
0.855589
0.487823
0.186578
0.396728
0.669184
0.114545
0.888843
0.167301
959.228
0.31988
0.419514
0.16032
0.229702
0.142141
0.182935
0.0759935
0.722943
0.797517
0.355774
0.250798
0.982391
0.633464
0.886942
0.680917
0.555705
0.734983
0.76898
0.640854
0.447944
0.136982
0.975451
0.609029
0.0262977
0.416592
360.425
0.141521
0.763308
0.823269
0.0950936
0.843373
0.203413
0.871866
0.500298
0.596658
0.450706
0.895644
0.212894
0.428839
0.309432
0.189853
0.734851
0.233252
0.432802
0.672201
1014.14
0.647822
0.802766
0.959594
0.293961
0.16999
0.36251
0.0195226
0.340216
0.81189
0.70549
0.427915
0.192984
0.846287
0.942158
0.736652
0.649229
506.6
0.921987
0.0864458
0.313276
0.097857
0.691847
0.758889
0.481188
0.749516
0.638455
0.188368
0.108227
0.493849
0.17013
0.295638
0.232568
0.0365204
0.652485
0.823659
0.301488
0.556881
0.378207
0.647822
539.401
0.276239
0.880881
0.48098
0.932641
0.655453
0.807346
0.777333
0.309682
0.968816
0.470372
0.807966
0.759721
0.0358928
0.105701
0.415164
0.0950402
0.261029
0.648147
0.684329
0.560352
0.686866
0.31988
0.141521
0.921987
0.276239
1015.75
0.952642
0.00450448
0.931565
0.77209
0.736805
0.378642
0.65329
0.926548
0.871265
0.0562467
0.0786621
0.961602
0.00158464
677.104
0.527807
0.327771
0.00984683
0.824837
0.308847
0.557429
0.672855
0.314385
0.968208
0.595948
0.399599
0.124697
0.952642
324.402
0.249999
0.38123
0.240878
0.559855
0.773801
0.476021
0.572683
0.355793
0.764879
0.163608
0.92293
0.170259
0.448367
0.894598
0.789379
0.275458
0.489704
0.631034
0.266246
0.326773
533.426
0.428123
0.666613
0.912787
0.139297
0.657319
0.318255
0.0615567
0.445107
0.85766
0.835565
0.847406
0.896504
0.775161
0.733622
0.763308
0.249999
849.888
0.3984
0.980986
0.147552
0.671222
0.495691
0.0524057
0.349052
0.356622
0.478971
0.721258
0.0864458
357.449
0.32578
0.314044
0.86708
0.135183
0.665715
0.859333
0.566296
0.93109
0.555525
0.359914
0.480019
0.131744
0.80246
0.0795197
0.581046
0.291484
0.497241
0.103378
0.927517
0.419514
0.00450448
731.208
0.240312
0.745145
0.624373
0.659446
0.974678
0.128516
0.678419
0.589156
0.528227
0.165987
0.318352
0.483012
0.385051
0.527807
0.38123
0.32578
825.747
0.161598
0.807938
0.846561
0.28151
0.923743
0.0796539
0.98302
0.83069
0.455616
0.907616
0.685603
0.625027
0.850377
0.526759
0.0137332
0.800664
0.810364
0.0843879
0.266233
0.313276
0.240878
0.161598
509.468
columns
0
4
5
7
14
30
31
34
41
49
51
53
55
57
61
62
63
64
68
73
75
80
85
91
92
94
97
1
15
19
23
27
31
35
48
60
61
62
65
72
73
76
77
78
80
82
85
87
90
91
97
2
10
14
17
26
28
30
41
42
43
45
48
52
55
57
58
59
62
68
91
92
3
6
11
18
23
37
40
49
54
55
57
59
66
72
81
84
85
87
88
92
0
4
23
32
34
37
45
46
47
53
60
68
72
82
83
0
5
6
7
18
24
31
32
33
42
52
54
55
56
58
60
66
72
74
82
83
86
3
5
6
9
14
16
24
29
30
32
37
45
46
50
52
53
54
55
56
60
63
69
76
87
94
0
5
7
11
18
21
27
29
30
46
66
74
75
78
79
81
82
86
8
9
12
14
16
21
29
32
36
37
47
49
59
61
63
64
66
68
71
77
87
93
95
96
98
6
8
9
10
11
15
21
26
33
35
53
56
57
62
63
64
80
81
87
97
99
2
9
10
12
13
21
22
23
29
32
34
41
42
47
59
62
64
71
83
89
94
95
3
7
9
11
26
30
34
40
45
51
57
69
78
79
86
94
8
10
12
15
20
24
30
33
34
39
41
47
48
50
52
64
65
86
91
92
93
94
97
10
13
14
15
17
22
25
29
38
41
43
45
46
48
52
56
62
69
71
77
80
83
84
98
99
0
2
6
8
13
14
21
26
33
39
44
45
49
52
54
58
59
69
74
75
76
82
86
87
92
94
1
9
12
13
15
19
22
25
26
30
36
41
73
74
80
91
95
96
97
6
8
16
23
25
36
40
42
45
47
48
53
55
62
65
70
72
75
83
2
13
17
18
24
25
30
33
38
42
56
61
62
65
67
70
74
85
92
93
94
99
3
5
7
17
18
20
28
30
44
45
57
69
70
76
82
85
86
90
1
15
19
25
26
30
33
35
45
48
49
50
70
76
81
87
88
90
94
99
12
18
20
24
26
28
35
42
58
61
66
72
74
76
79
80
85
87
94
99
7
8
9
10
14
21
22
30
36
39
43
45
47
52
54
55
60
62
63
66
76
78
79
84
89
10
13
15
21
22
25
29
31
40
41
48
58
59
75
77
81
87
89
1
3
4
10
16
23
25
28
30
31
37
40
41
44
46
51
53
56
61
62
63
64
66
70
73
76
80
91
5
6
12
17
20
24
35
58
64
80
88
13
15
16
17
19
22
23
25
26
30
31
33
36
46
63
66
76
78
85
95
2
9
11
14
15
19
20
25
26
29
35
43
48
50
52
58
64
68
78
85
1
7
27
29
30
31
48
55
56
59
60
64
67
77
81
88
2
18
20
23
28
35
42
50
51
57
58
59
61
63
64
67
68
72
74
77
78
80
83
87
98
6
7
8
10
13
22
26
27
29
33
34
35
42
43
49
55
60
63
68
69
75
78
84
86
87
91
96
97
98
0
2
6
7
11
12
15
17
18
19
21
23
25
27
30
31
41
42
46
48
51
66
68
74
79
89
90
99
0
1
5
22
23
25
27
30
31
32
46
47
53
57
62
66
72
79
87
97
4
5
6
8
10
31
32
41
49
53
63
68
70
73
76
79
85
88
94
98
99
5
9
12
14
17
19
25
29
33
35
39
48
51
53
58
60
73
89
92
97
98
0
4
10
11
12
29
34
38
39
45
47
52
61
62
66
68
72
74
79
81
88
91
93
98
1
9
19
20
24
26
28
29
33
35
56
57
72
75
77
82
85
93
95
8
15
16
21
25
36
44
48
54
70
74
76
77
79
80
81
83
86
94
3
4
6
8
23
37
38
39
43
51
55
57
64
75
77
81
85
91
13
17
34
37
38
40
43
44
46
55
56
59
63
68
74
79
81
90
92
99
12
14
21
33
34
37
39
41
42
43
45
56
60
69
75
77
82
84
85
88
90
92
3
11
16
22
23
38
40
41
45
46
47
51
53
54
59
62
63
64
67
69
76
84
89
93
0
2
10
12
13
15
22
23
30
32
39
40
41
43
45
57
63
66
78
82
83
95
2
5
10
16
17
20
28
29
30
39
42
43
44
47
49
64
71
73
76
77
79
81
82
83
91
93
99
2
13
21
26
29
37
38
39
41
42
43
60
65
67
68
74
77
82
83
87
90
96
14
18
23
36
38
42
44
50
51
55
62
71
74
76
77
89
90
91
96
2
4
6
11
13
14
16
18
19
21
34
39
40
41
45
46
59
60
94
97
4
6
7
13
23
25
30
31
38
40
45
46
52
57
66
67
71
76
78
81
84
88
89
93
95
96
4
8
10
12
16
21
31
34
40
42
47
49
54
55
57
61
65
70
82
84
88
89
94
95
99
1
2
12
13
16
19
22
26
27
30
33
36
48
56
57
62
68
73
75
81
91
95
0
3
8
14
19
29
32
42
47
49
50
61
62
63
64
67
77
79
87
88
90
91
6
12
19
26
28
44
49
50
52
55
59
63
65
66
68
71
77
78
86
88
90
0
11
23
28
30
33
37
40
44
51
53
56
58
66
67
69
70
93
2
5
6
12
13
14
21
26
34
46
50
52
62
65
71
79
86
0
4
6
9
16
23
31
32
33
40
51
53
56
58
67
69
76
77
78
90
97
3
5
6
14
21
36
40
47
54
64
67
69
74
76
78
90
0
2
3
5
6
16
21
27
29
37
38
44
47
50
55
62
67
68
69
71
78
83
85
91
96
5
6
9
13
17
23
27
35
38
39
48
51
53
56
67
68
74
87
90
0
2
3
9
11
18
28
31
35
37
41
46
47
48
57
61
74
87
96
98
2
5
14
20
22
24
26
28
33
51
53
58
70
79
81
83
84
88
2
3
8
10
14
22
27
28
38
40
45
50
59
67
69
72
81
94
99
1
4
5
6
21
27
29
33
39
43
45
60
82
83
86
98
0
1
8
17
20
23
28
34
47
49
57
61
62
65
68
72
79
83
87
89
91
0
1
2
9
10
13
16
17
21
23
31
34
40
44
48
49
52
55
61
62
69
71
72
79
82
83
87
93
98
0
6
8
9
21
23
25
28
29
32
38
40
41
49
50
63
70
77
84
86
90
0
8
9
10
12
23
24
26
27
28
37
40
42
49
54
64
73
74
82
86
87
88
99
1
12
16
17
43
47
50
52
61
65
67
74
75
83
89
91
97
99
3
5
7
8
20
21
23
25
30
31
34
41
46
50
51
66
71
75
79
82
84
85
93
95
97
99
17
27
28
40
43
46
49
51
53
54
55
56
59
65
67
69
72
75
82
84
97
0
2
4
8
26
28
29
30
32
34
38
43
48
50
55
56
61
68
69
79
88
90
97
6
11
13
14
18
29
39
40
51
53
54
55
59
62
67
68
69
71
80
95
16
17
18
19
23
32
36
47
51
58
63
70
76
77
85
86
88
89
91
8
10
13
42
44
46
50
52
55
62
66
69
71
73
74
76
87
91
98
1
3
4
5
16
20
28
31
34
35
59
61
62
67
72
77
78
80
86
89
97
99
0
1
15
23
32
33
42
48
64
71
73
75
87
89
91
98
5
7
14
15
17
20
28
30
34
36
38
43
44
54
56
57
64
65
71
74
80
81
84
85
86
95
98
99
0
7
14
16
22
29
35
37
39
48
65
66
67
73
75
85
92
94
99
1
6
14
18
19
20
21
23
25
32
36
40
42
44
46
53
54
70
71
76
78
80
82
87
91
94
1
8
13
22
27
28
35
36
37
39
42
43
44
49
50
53
63
70
72
77
81
92
99
1
7
11
21
25
26
28
29
41
46
50
53
54
55
72
76
78
80
81
82
84
95
7
11
20
21
30
31
32
34
36
38
42
49
52
58
61
62
66
68
79
82
88
95
0
1
9
13
15
20
23
24
28
36
69
72
74
76
78
80
81
82
3
7
9
19
22
27
34
36
37
38
42
46
48
58
59
74
77
78
80
81
82
84
85
86
88
1
4
5
7
14
18
35
39
41
42
43
47
60
62
64
66
67
76
78
79
80
81
82
83
85
87
4
5
10
13
16
28
36
41
42
43
55
58
60
61
62
65
82
83
85
86
90
96
97
3
13
21
29
39
40
46
47
58
63
66
67
74
78
81
84
90
97
0
1
3
17
18
20
25
26
32
35
37
39
55
66
70
74
75
81
82
83
85
86
89
90
94
96
97
5
7
11
12
14
18
29
36
50
52
60
63
64
70
72
74
81
83
85
86
91
97
1
3
6
8
9
14
19
20
22
28
29
31
43
49
56
57
61
62
64
71
73
76
82
87
91
95
3
19
24
27
32
34
39
46
47
49
50
58
64
68
70
79
81
88
90
10
21
22
30
33
40
44
46
47
61
65
70
72
73
85
89
91
96
99
1
18
19
30
38
39
43
44
49
50
53
54
56
63
68
83
84
85
88
90
91
0
1
2
12
15
23
29
34
37
42
44
48
49
55
61
65
70
71
73
76
86
87
89
90
91
93
97
0
2
3
12
14
17
33
38
39
75
77
92
98
8
12
17
34
35
40
42
46
51
62
66
91
93
95
98
99
0
6
10
11
12
14
17
19
20
32
36
45
47
59
75
76
85
94
8
10
15
25
35
41
46
47
48
66
69
74
78
79
87
93
95
8
15
29
43
44
46
55
57
83
85
89
96
98
0
1
9
12
15
29
31
33
45
53
65
66
67
68
72
83
84
85
86
91
97
8
13
28
29
32
33
34
57
60
62
71
73
74
92
93
96
98
99
9
13
17
19
20
30
32
38
42
47
59
64
65
66
72
74
75
77
89
93
98
99
rowIndex
0
27
51
72
92
107
129
154
172
197
218
240
256
279
304
330
349
368
390
408
428
448
473
491
519
530
550
570
586
611
640
668
688
709
730
754
773
792
810
830
852
876
898
925
947
966
986
1012
1037
1059
1081
1102
1120
1137
1158
1174
1199
1218
1238
1256
1275
1291
1312
1341
1362
1385
1403
1429
1450
1473
1493
1512
1531
1553
1569
1597
1616
1642
1665
1687
1709
1727
1752
1778
1801
1819
1846
1868
1894
1913
1932
1953
1980
1993
2009
2027
2044
2057
2078
2096
2118
diag
215.005
957.864
662.148
325.773
413.282
603.178
369.982
441.739
680.947
949.348
561.965
847.028
989.016
395.502
926.473
881.662
521.829
1090.57
436.315
429.323
896.769
591.192
497.715
360.797
888.799
907.69
709.908
1061.58
486.347
397.657
809.72
883.052
402.415
268.95
930.861
1078.98
780.205
450.08
1097.01
1003.94
662.043
942.789
934.238
1042.36
956.831
779.311
748.373
622.065
764.947
915.754
1072.48
620.559
716.288
600.325
801.907
766.928
216.05
687.045
279.638
223.745
912.218
434.784
506.59
258.014
361.55
889.044
644.178
992.602
557.518
441.831
512.84
841.495
699.505
1013.77
741.952
643.716
907.177
1052.78
520.261
424.889
756.282
649.512
1090.27
616.126
266.898
1079.63
959.228
360.425
1014.14
506.6
539.401
1015.75
677.104
324.402
533.426
849.888
357.449
731.208
825.747
509.468
